1 1270
2 140
3 180
4 140
5 850
6 150
7 640
8 950
9 90
10 890
11 130
12 50
13 130
14 190
15 1480
16 170
17 150
18 870
19 240
20 130
21 580
22 100
23 940
24 600
25 160
26 150
27 980
28 880
29 2520
30 550
31 910
32 70
33 500
34 160
35 1750
36 540
37 140
38 510
39 450
40 60
41 540
42 450
43 540
44 140
45 900
46 840
47 680
48 80
49 1050
50 130
1 630
2 1880
3 1410
4 920
5 1260
6 630
7 1070
8 1790
9 910
10 110
11 200
12 2280
13 1070
14 570
15 130
16 90
17 70
18 80
19 70
20 70
21 70
22 60
23 60
24 940
25 150
26 160
27 110
28 980
29 860
30 140
31 190
32 50
33 120
34 490
35 250
36 1690
37 280
38 100
39 170
40 70
41 310
42 150
43 880
44 1760
45 90
46 560
47 160
48 150
49 1020
50 620
